30
20
10
40
30
50
40
20
30
40
10
50
30
10
40
20
40
50
30
20
40
10
20
50
40
10
30
20
50
20
30
10
50
30
20
10
40
20
50
40
30
30
40
50
10
30
50
20
40
20
10
50
40
10
30
20
30
50
10
50
30
20
10
40
40
30
20
50
10
20
30
10
40
20
10
30
40
50
20
50
30
10
10
40
50
10
20
50
30
40
30
50
10
40
20
40
30
10
50
40
50
10
10
30
40
50
10
40
20
30
50
10
40
20
50
30
20
10
50
30
40
20
50
30
20
40
10
30
20
40
30
50
10
50
50
40
50
30
20
20
30
20
40
10
50
30
50
10
20
50
30
40
10
30
20
50
30
10
50
40
20
50
40
30
10
20
30
50
40
10
40
30
20
40
50
30
20
10
40
10
20
30
50
50
40
30
20
10
30
10
40
20
50
10
50
20
40
30
50
30
10
40
20
30
50
30
50
40
20
10
40
40
20
10
20
50
30
40
20
10
10
20
50
10
30
40
10
20
10
30
50
40
50
30
20
10
40
10
40
50
40
20
20
30
10
10
40
20
50
20